Financiele post nr. 01;99999.99;99999.99;99999.99
Lunch;1231.23;131.21;1231.11
Lunch;1231.23;131.21;1231.11
Lunch;1231.23;131.21;1231.11
Lunch;1231.23;131.21;1231.11
Financiele post nr. 01;99999.99;99999.99;99999.99
Lunch;1231.23;131.21;1231.11
Lunch;1231.23;131.21;1231.11
Lunch;1231.23;131.21;1231.11
Lunch;1231.23;131.21;1231.11
Lunch;1231.23;131.21;1231.11
Lunch;1231.23;131.21;1231.11
Lunch;1231.23;131.21;1231.11
Lunch;1231.23;131.21;1231.11
Lunch;1231.23;131.21;1231.11
Lunch;1231.23;131.21;1231.11
Lunch;1231.23;131.21;1231.11
Lunch;1231.23;131.21;1231.11
Lunch;1231.23;131.21;1231.11
Lunch;1231.23;131.21;1231.11
Lunch;1231.23;131.21;1231.11
Lunch;1231.23;131.21;1231.11
Lunch;1231.23;131.21;1231.11
Financiele post nr. 01;99999.99;99999.99;99999.99
Lunch;1231.23;131.21;1231.11
Lunch;1231.23;131.21;1231.11
Lunch;1231.23;131.21;1231.11
Lunch;1231.23;131.21;1231.11
Financiele post nr. 01;99999.99;99999.99;99999.99
Lunch;1231.23;131.21;1231.11
Lunch;1231.23;131.21;1231.11
Financiele post nr. 01;99999.99;99999.99;99999.99
Lunch;1231.23;131.21;1231.11
Lunch;1231.23;131.21;1231.11
Financiele post nr. 01;99999.99;99999.99;99999.99
Lunch4;1231.23;131.21;1231.11